0011000000011000 ; 00 03 00 Read n
0010000000011000 ; 02 02 24 Store n
0110000000011100 ; 04 06 28 Subtract 1
1010000000010010 ; 06 10 18 JumpZ End
0010000000110010 ; 08 02 26 Store n - 1
0111000000011000 ; 10 07 24 Multiply n
0010000000011000 ; 12 02 24 Store n
0001000000110010 ; 14 01 26 Load n - 1
1001000000000100 ; 16 09 04 Jump Start
0001000000011000 ; 18 01 24 Load n
0100000000000000 ; 20 04 00 Write
0000000000000000 ; 22 00 00 Stop
0000000000000000 ; 24 00 00 n
0000000000000000 ; 26 00 00 n - 1
0000000000000001 ; 28 00 01 1